    -2395,
   -5393,
   -335,
   30919,
   106000,
   220880,
   330830,
   356898,
   231633,
   -34118,
   -315114,
   -418758,
   -215874,
   223879,
   613143,
   611221,
   97230,
   -651552,
   -1069755,
   -703606,
   360079,
   1408013,
   1539614,
   397969,
   -1370661,
   -2411112,
   -1652446,
   690618,
   2986814,
   3260739,
   821767,
   -2843947,
   -4868873,
   -3175486,
   1562920,
   5923006,
   6109316,
   1141587,
   -5743394,
   -9044604,
   -5277235,
   3660474,
   11106677,
   10454985,
   809636,
   -11221065,
   -15824164,
   -7781762,
   8274286,
   20081265,
   16848614,
   -1306239,
   -21547610,
   -26990688,
   -10324408,
   18264917,
   36552074,
   26888413,
   -7970879,
   -43212641,
   -48496417,
   -12420624,
   43678793,
   75992810,
   49227770,
   -31884005,
   -114708797,
   -124890019,
   -13609494,
   203956546,
   446378886,
   605431990,
   605431990,
   446378886,
   203956546,
   -13609494,
   -124890019,
   -114708797,
   -31884005,
   49227770,
   75992810,
   43678793,
   -12420624,
   -48496417,
   -43212641,
   -7970879,
   26888413,
   36552074,
   18264917,
   -10324408,
   -26990688,
   -21547610,
   -1306239,
   16848614,
   20081265,
   8274286,
   -7781762,
   -15824164,
   -11221065,
   809636,
   10454985,
   11106677,
   3660474,
   -5277235,
   -9044604,
   -5743394,
   1141587,
   6109316,
   5923006,
   1562920,
   -3175486,
   -4868873,
   -2843947,
   821767,
   3260739,
   2986814,
   690618,
   -1652446,
   -2411112,
   -1370661,
   397969,
   1539614,
   1408013,
   360079,
   -703606,
   -1069755,
   -651552,
   97230,
   611221,
   613143,
   223879,
   -215874,
   -418758,
   -315114,
   -34118,
   231633,
   356898,
   330830,
   220880,
   106000,
   30919,
   -335,
   -5393,
   -2395

