    5169,
   30344,
   92411,
   193562,
   296359,
   325691,
   212464,
   -32886,
   -281088,
   -341418,
   -112035,
   285533,
   533339,
   349745,
   -224229,
   -754969,
   -713889,
   29781,
   954818,
   1207943,
   354407,
   -1069372,
   -1818145,
   -983285,
   1015273,
   2503639,
   1899873,
   -695136,
   -3195220,
   -3129965,
   335,
   3791335,
   4673522,
   1182741,
   -4156430,
   -6496184,
   -2964398,
   4122422,
   8523843,
   5445729,
   -3488536,
   -10636309,
   -8712433,
   2021617,
   12663339,
   12833767,
   549205,
   -14379818,
   -17869463,
   -4551004,
   15495107,
   23889760,
   10412643,
   -15628264,
   -31023908,
   -18775924,
   14241822,
   39569514,
   30769234,
   -10463371,
   -50268906,
   -48765805,
   2543209,
   65155547,
   78974912,
   14229267,
   -91131385,
   -144396240,
   -60382423,
   169204108,
   453172545,
   648273655,
   648273655,
   453172545,
   169204108,
   -60382423,
   -144396240,
   -91131385,
   14229267,
   78974912,
   65155547,
   2543209,
   -48765805,
   -50268906,
   -10463371,
   30769234,
   39569514,
   14241822,
   -18775924,
   -31023908,
   -15628264,
   10412643,
   23889760,
   15495107,
   -4551004,
   -17869463,
   -14379818,
   549205,
   12833767,
   12663339,
   2021617,
   -8712433,
   -10636309,
   -3488536,
   5445729,
   8523843,
   4122422,
   -2964398,
   -6496184,
   -4156430,
   1182741,
   4673522,
   3791335,
   335,
   -3129965,
   -3195220,
   -695136,
   1899873,
   2503639,
   1015273,
   -983285,
   -1818145,
   -1069372,
   354407,
   1207943,
   954818,
   29781,
   -713889,
   -754969,
   -224229,
   349745,
   533339,
   285533,
   -112035,
   -341418,
   -281088,
   -32886,
   212464,
   325691,
   296359,
   193562,
   92411,
   30344,
   5169

