-1004,
 662641,
 694900,
-1256274,
 1839429,
-1954657,
 1080237,
 1193906,
-4957339,
 9782217,
-14606619,
 17769018,
-17230183,
 10981423,
 2428909,
-23345286,
 50545842,
-80972064,
 109656222,
-129637924,
 131036378,
-95652015,
-40828481,
 1816295970,
 611869637,
-344126390,
 227978430,
-145489250,
 80665240,
-30973225,
-3918718,
 24822859,
-33663194,
 33320030,
-27133813,
 18327949,
-9526458,
 2465302,
 2071853,
-4111983,
 4224039,
-3209264,
 1833664,
-647622,
-102355,
 992489,
 92757,
-7186,
-16178,
 317999,
 1070693,
-945343,
 671637,
 291690,
-2110817,
 4618841,
-7233336,
 8960442,
-8531840,
 4688761,
 3424760,
-15831706,
 31364955,
-47472492,
 60243796,
-64642830,
 54794752,
-23912637,
-37261872,
 147683310,
-374670058,
 1339136657,
 1339136657,
-374670058,
 147683310,
-37261872,
-23912637,
 54794752,
-64642830,
 60243796,
-47472492,
 31364955,
-15831706,
 3424760,
 4688761,
-8531840,
 8960442,
-7233336,
 4618841,
-2110817,
 291690,
 671637,
-945343,
 1070693,
 317999,
-16178,
-7186,
 92757,
 992489,
-102355,
-647622,
 1833664,
-3209264,
 4224039,
-4111983,
 2071853,
 2465302,
-9526458,
 18327949,
-27133813,
 33320030,
-33663194,
 24822859,
-3918718,
-30973225,
 80665240,
-145489250,
 227978430,
-344126390,
 611869637,
 1816295970,
-40828481,
-95652015,
 131036378,
-129637924,
 109656222,
-80972064,
 50545842,
-23345286,
 2428909,
 10981423,
-17230183,
 17769018,
-14606619,
 9782217,
-4957339,
 1193906,
 1080237,
-1954657,
 1839429,
-1256274,
 694900,
 662641,
-1004
