 277234,
 977073,
-843263,
 856598,
-672686,
 89343,
 1063222,
-2949854,
 5699618,
-9389894,
 14020565,
-19488553,
 25571530,
-31908927,
 37990018,
-43139454,
 46485321,
-46884792,
 42725465,
-31390114,
 7629628,
 42687800,
-181147269,
 1944820965,
 507612325,
-273394154,
 195466641,
-150806718,
 118708541,
-93071724,
 71669280,
-53608390,
 38501300,
-26137299,
 16337186,
-8893195,
 3548222,
 1006,
-2085407,
 3045819,
-3208116,
 2864453,
-2264906,
 1600018,
-1024255,
 637393,
 580686,
 15508,
 91031,
 889077,
-98659,
-336105,
 1049234,
-2141667,
 3623829,
-5454434,
 7510918,
-9585659,
 11374005,
-12469289,
 12367266,
-10465607,
 6064852,
 1647616,
-13653011,
 31237928,
-56327772,
 92307702,
-146297414,
 236924736,
-433188720,
 1359517635,
 1359517635,
-433188720,
 236924736,
-146297414,
 92307702,
-56327772,
 31237928,
-13653011,
 1647616,
 6064852,
-10465607,
 12367266,
-12469289,
 11374005,
-9585659,
 7510918,
-5454434,
 3623829,
-2141667,
 1049234,
-336105,
-98659,
 889077,
 91031,
 15508,
 580686,
 637393,
-1024255,
 1600018,
-2264906,
 2864453,
-3208116,
 3045819,
-2085407,
 1006,
 3548222,
-8893195,
 16337186,
-26137299,
 38501300,
-53608390,
 71669280,
-93071724,
 118708541,
-150806718,
 195466641,
-273394154,
 507612325,
 1944820965,
-181147269,
 42687800,
 7629628,
-31390114,
 42725465,
-46884792,
 46485321,
-43139454,
 37990018,
-31908927,
 25571530,
-19488553,
 14020565,
-9389894,
 5699618,
-2949854,
 1063222,
 89343,
-672686,
 856598,
-843263,
 977073,
 277234
 
